1 0.65859375 0.0859375 0.07578125 0.103125
1 0.62265625 0.1609375 0.04921875 0.0546875
1 0.6171875 0.2421875 0.0734375 0.10625
1 0.9125 0.41015625 0.16796875 0.09296875
1 0.93671875 0.48359375 0.1265625 0.1140625
1 0.95078125 0.5125 0.09765625 0.14921875
1 0.9703125 0.546875 0.059375 0.109375
1 0.97734375 0.5875 0.0453125 0.09375
1 0.98515625 0.609375 0.0296875 0.10546875
1 0.92734375 0.871875 0.1453125 0.25625
1 0.1203125 0.9125 0.240625 0.175
1 0.0671875 0.78984375 0.134375 0.1296875
2 0.58046875 0.65859375 0.040625 0.196875
0 0.5796875 0.72421875 0.03515625 0.1328125
1 0.02109375 0.2171875 0.040625 0.06484375
1 0.221875 0.20703125 0.040625 0.03515625