0 0.59453125 0.66015625 0.03203125 0.11640625
2 0.59453125 0.60625 0.0359375 0.17578125
1 0.065625 0.85859375 0.13125 0.2640625
1 0.90390625 0.77734375 0.1921875 0.2921875
1 0.984375 0.61015625 0.03125 0.10703125
1 0.97734375 0.5890625 0.04453125 0.096875
1 0.9703125 0.5484375 0.059375 0.10625
1 0.95078125 0.51171875 0.09765625 0.1515625
1 0.93671875 0.484375 0.1265625 0.11484375
1 0.91328125 0.41171875 0.16796875 0.09609375
1 0.62734375 0.19921875 0.0640625 0.09375
1 0.6765625 0.140625 0.04375 0.05234375
1 0.59921875 0.1046875 0.09453125 0.1125
1 0.02109375 0.21796875 0.040625 0.06640625
1 0.221875 0.20546875 0.0390625 0.0359375