1 0.065625 0.85390625 0.13125 0.25546875
1 0.90625 0.790625 0.1875 0.3
1 0.98515625 0.609375 0.0296875 0.10546875
1 0.97734375 0.58828125 0.0453125 0.0984375
1 0.9703125 0.546875 0.05859375 0.11015625
1 0.95078125 0.5109375 0.0984375 0.15078125
1 0.93671875 0.48359375 0.1265625 0.11484375
1 0.91328125 0.41015625 0.16796875 0.09453125
1 0.62421875 0.203125 0.06484375 0.09609375
1 0.67421875 0.1421875 0.04765625 0.05390625
1 0.60390625 0.10234375 0.09375 0.11015625
0 0.5921875 0.6640625 0.0296875 0.1171875
2 0.59453125 0.60859375 0.0359375 0.17890625
1 0.22109375 0.20703125 0.03984375 0.03515625
1 0.021875 0.21640625 0.04140625 0.06328125