1 0.36171875 0.19296875 0.08984375 0.16484375
1 0.68125 0.390625 0.090625 0.12890625
1 0.91328125 0.40859375 0.16796875 0.09375
1 0.6234375 0.09609375 0.0609375 0.0375
1 0.5375 0.9546875 0.265625 0.0890625
1 0.221875 0.20546875 0.0390625 0.0390625
2 0.58046875 0.4765625 0.028125 0.1328125
1 0.93671875 0.484375 0.12578125 0.115625
0 0.57890625 0.5140625 0.02265625 0.08515625
1 0.95078125 0.51171875 0.0984375 0.1484375
1 0.01875 0.21640625 0.0375 0.06171875
1 0.9703125 0.54921875 0.059375 0.1046875
1 0.97734375 0.58984375 0.0453125 0.0984375
1 0.98515625 0.609375 0.02890625 0.10390625