1 0.64375 0.71015625 0.1609375 0.21328125
1 0.32890625 0.27421875 0.103125 0.215625
1 0.625 0.25390625 0.06484375 0.0953125
1 0.91328125 0.41015625 0.16875 0.09375
1 0.72890625 0.090625 0.0375 0.05078125
1 0.221875 0.20703125 0.04140625 0.03828125
1 0.93671875 0.48359375 0.1265625 0.1140625
1 0.95078125 0.5125 0.0984375 0.15
2 0.57421875 0.41953125 0.0234375 0.10625
1 0.01953125 0.21796875 0.03828125 0.0640625
1 0.9703125 0.5484375 0.05859375 0.109375
1 0.97734375 0.58828125 0.04453125 0.0984375
1 0.98515625 0.6109375 0.0296875 0.10390625
0 0.575 0.45546875 0.0171875 0.07578125