1 0.546875 0.09296875 0.0578125 0.06015625
2 0.56328125 0.3875 0.02265625 0.10703125
1 0.2921875 0.35546875 0.125 0.2546875
1 0.62890625 0.1984375 0.05625 0.07890625
1 0.6 0.5609375 0.1171875 0.15390625
1 0.91328125 0.41015625 0.16875 0.09375
1 0.646875 0.11171875 0.046875 0.05703125
1 0.22109375 0.2078125 0.040625 0.0359375
1 0.93671875 0.484375 0.1265625 0.11640625
0 0.56171875 0.42265625 0.015625 0.07421875
1 0.95078125 0.51171875 0.0984375 0.1515625
1 0.01953125 0.21640625 0.0390625 0.06484375
1 0.9703125 0.546875 0.059375 0.109375
1 0.978125 0.5890625 0.04375 0.09921875
1 0.98515625 0.61015625 0.0296875 0.10546875