1 0.31171875 0.31484375 0.1140625 0.23125
1 0.61796875 0.628125 0.1359375 0.18203125
1 0.61640625 0.221875 0.059375 0.0890625
1 0.91328125 0.41015625 0.16875 0.09296875
2 0.56875 0.41015625 0.02421875 0.1125
1 0.221875 0.20859375 0.04140625 0.0359375
1 0.6921875 0.1 0.040625 0.053125
1 0.93671875 0.48359375 0.1265625 0.115625
1 0.95078125 0.5125 0.0984375 0.15
1 0.9703125 0.54921875 0.05859375 0.10859375
0 0.5703125 0.43828125 0.015625 0.07734375
1 0.01953125 0.21640625 0.03828125 0.06328125
1 0.4984375 0.09296875 0.065625 0.05625
1 0.97734375 0.58984375 0.04453125 0.09765625
1 0.98515625 0.6109375 0.0296875 0.10390625