1 0.62734375 0.653125 0.14375 0.1875
1 0.31640625 0.2953125 0.109375 0.23046875
1 0.61796875 0.23046875 0.06015625 0.08203125
1 0.91328125 0.4109375 0.16875 0.0921875
1 0.221875 0.20703125 0.040625 0.0375
2 0.57109375 0.4125 0.02421875 0.10859375
1 0.7015625 0.103125 0.03515625 0.059375
1 0.93671875 0.484375 0.1265625 0.1140625
1 0.95078125 0.51171875 0.09765625 0.14921875
0 0.57109375 0.44375 0.015625 0.0765625
1 0.01953125 0.2171875 0.0375 0.06328125
1 0.9703125 0.54921875 0.05859375 0.11015625
1 0.97734375 0.5890625 0.04453125 0.0984375
1 0.98515625 0.61015625 0.02890625 0.10390625