1 0.63828125 0.88203125 0.2421875 0.2359375
1 0.65703125 0.3328125 0.07734375 0.115625
1 0.34609375 0.221875 0.08359375 0.17265625
1 0.91328125 0.41015625 0.16875 0.0921875
1 0.22265625 0.20703125 0.0390625 0.03671875
1 0.52890625 0.103125 0.04375 0.03203125
2 0.57890625 0.45078125 0.02578125 0.11796875
0 0.57734375 0.4921875 0.01640625 0.08125
1 0.93671875 0.48359375 0.1265625 0.11328125
1 0.01875 0.21640625 0.03671875 0.06484375
1 0.95 0.51171875 0.09921875 0.15
1 0.9703125 0.54765625 0.059375 0.1078125
1 0.97734375 0.590625 0.04453125 0.09765625
1 0.98515625 0.6109375 0.02890625 0.10390625