1 0.671875 0.36875 0.08515625 0.125
1 0.3578125 0.20234375 0.08359375 0.16640625
1 0.91328125 0.41015625 0.16875 0.09453125
1 0.59296875 0.09765625 0.0625 0.03359375
1 0.5859375 0.93046875 0.28671875 0.13828125
1 0.221875 0.2078125 0.0390625 0.03671875
0 0.5796875 0.50859375 0.021875 0.0859375
2 0.5796875 0.46875 0.02421875 0.128125
1 0.93671875 0.48515625 0.1265625 0.1140625
1 0.95 0.51171875 0.1 0.1515625
1 0.01875 0.215625 0.0375 0.0640625
1 0.97109375 0.5484375 0.0578125 0.11015625
1 0.97734375 0.58984375 0.0453125 0.0953125
1 0.98515625 0.6078125 0.0296875 0.10625