1 0.71484375 0.50546875 0.0984375 0.13515625
1 0.91328125 0.409375 0.16953125 0.09375
1 0.9 0.83515625 0.19921875 0.328125
1 0.128125 0.90703125 0.25625 0.18515625
1 0.73203125 0.09609375 0.0453125 0.05390625
1 0.22109375 0.20625 0.040625 0.04140625
1 0.93671875 0.48359375 0.1265625 0.1140625
1 0.95078125 0.5125 0.0984375 0.15078125
1 0.07421875 0.77421875 0.1484375 0.12578125
1 0.0203125 0.22109375 0.0390625 0.06640625
1 0.9703125 0.546875 0.059375 0.1125
1 0.97734375 0.58828125 0.0453125 0.0984375
1 0.9859375 0.61015625 0.028125 0.10625