1 0.4390625 0.14296875 0.10390625 0.134375
1 0.75703125 0.54765625 0.121875 0.17734375
1 0.91328125 0.409375 0.16796875 0.09140625
1 0.74296875 0.1375 0.05703125 0.0703125
1 0.22109375 0.20859375 0.0421875 0.0328125
2 0.59765625 0.53125 0.03125 0.13515625
0 0.59609375 0.575 0.02421875 0.09609375
1 0.93671875 0.48359375 0.1265625 0.1140625
1 0.95078125 0.51171875 0.0984375 0.14921875
1 0.02109375 0.215625 0.0421875 0.065625
1 0.0265625 0.89765625 0.053125 0.20390625
1 0.75625 0.10625 0.03515625 0.04296875
1 0.9703125 0.54765625 0.059375 0.1078125
1 0.978125 0.58984375 0.04375 0.09765625
1 0.98515625 0.6109375 0.02890625 0.10390625