1 0.27421875 0.40390625 0.1359375 0.27890625
1 0.5921875 0.5015625 0.103125 0.13984375
1 0.59296875 0.1234375 0.0515625 0.05859375
1 0.6609375 0.1828125 0.0609375 0.07421875
1 0.88828125 0.4125 0.11484375 0.096875
1 0.571875 0.1 0.04609375 0.06328125
1 0.22109375 0.20859375 0.03984375 0.03515625
2 0.56484375 0.3640625 0.02421875 0.0890625
1 0.9375 0.490625 0.121875 0.11171875
0 0.5640625 0.3984375 0.01953125 0.07109375
1 0.95078125 0.53125 0.096875 0.11796875
1 0.978125 0.58984375 0.04296875 0.14765625