0 0.56484375 0.83671875 0.0359375 0.1625
2 0.56796875 0.7640625 0.04921875 0.2578125
1 0.128125 0.90859375 0.25625 0.1828125
1 0.06796875 0.775 0.134375 0.103125
1 0.98515625 0.6109375 0.0296875 0.103125
1 0.97734375 0.58984375 0.0453125 0.0984375
1 0.9703125 0.54765625 0.05859375 0.10859375
1 0.95078125 0.51171875 0.0984375 0.15078125
1 0.93671875 0.48359375 0.12578125 0.11484375
1 0.91328125 0.4109375 0.16875 0.09296875
1 0.6421875 0.32265625 0.0890625 0.13046875
1 0.559375 0.19765625 0.05 0.06484375
1 0.72109375 0.071875 0.07890625 0.0890625
1 0.22109375 0.2078125 0.03828125 0.03359375
1 0.02109375 0.21640625 0.0421875 0.06484375