1 0.67109375 0.09296875 0.0609375 0.0515625
1 0.66875 0.4328125 0.08671875 0.12421875
1 0.8515625 0.75546875 0.23671875 0.33046875
1 0.0203125 0.215625 0.040625 0.06484375
1 0.22109375 0.20625 0.0390625 0.03671875
1 0.12890625 0.90859375 0.25703125 0.1828125
1 0.07421875 0.77265625 0.1484375 0.11875
1 0.9859375 0.61015625 0.028125 0.103125
1 0.97734375 0.58984375 0.0453125 0.0984375
1 0.9703125 0.546875 0.059375 0.1125
1 0.95078125 0.51171875 0.0984375 0.15078125
1 0.93671875 0.48359375 0.1265625 0.115625
1 0.91328125 0.41015625 0.16875 0.09296875