0 0.56796875 0.82734375 0.040625 0.159375
2 0.56953125 0.75859375 0.0484375 0.25390625
1 0.12890625 0.909375 0.25703125 0.18125
1 0.0671875 0.77421875 0.134375 0.10390625
1 0.98515625 0.61015625 0.02890625 0.1046875
1 0.97734375 0.5890625 0.0453125 0.096875
1 0.9703125 0.5484375 0.059375 0.1078125
1 0.95078125 0.5125 0.0984375 0.15
1 0.93671875 0.484375 0.1265625 0.115625
1 0.9125 0.41015625 0.16875 0.09453125
1 0.640625 0.31796875 0.0875 0.12890625
1 0.56171875 0.19609375 0.05078125 0.06328125
1 0.71796875 0.075 0.0796875 0.09375
1 0.221875 0.20703125 0.03984375 0.0359375
1 0.0203125 0.2171875 0.040625 0.0640625