1 0.66015625 0.8046875 0.18984375 0.2515625
1 0.33828125 0.246875 0.09921875 0.1921875
1 0.63984375 0.2859375 0.0703125 0.10078125
1 0.91328125 0.4109375 0.16875 0.0953125
1 0.221875 0.2078125 0.03984375 0.03671875
2 0.5796875 0.43984375 0.02421875 0.121875
0 0.57890625 0.47109375 0.01640625 0.078125
1 0.93671875 0.48359375 0.1265625 0.1171875
1 0.95078125 0.5125 0.0984375 0.14921875
1 0.01953125 0.2171875 0.0390625 0.06484375
1 0.9703125 0.54765625 0.059375 0.1078125
1 0.97734375 0.5890625 0.04453125 0.09765625
1 0.98515625 0.6109375 0.0296875 0.1046875
1 0.76953125 0.08828125 0.0359375 0.046875