1 0.6609375 0.84140625 0.2015625 0.27890625
1 0.34296875 0.23984375 0.09375 0.18046875
1 0.64609375 0.303125 0.07265625 0.1078125
1 0.91328125 0.4109375 0.16875 0.0953125
1 0.22109375 0.20859375 0.040625 0.03359375
2 0.57890625 0.44453125 0.025 0.12734375
1 0.93671875 0.48359375 0.1265625 0.115625
0 0.5796875 0.47734375 0.02265625 0.0796875
1 0.95078125 0.5125 0.0984375 0.15
1 0.0203125 0.21640625 0.03828125 0.0671875
1 0.9703125 0.54921875 0.059375 0.1078125
1 0.978125 0.590625 0.04375 0.09765625
1 0.98515625 0.61015625 0.0296875 0.10703125