2 0.56171875 0.38828125 0.02265625 0.11953125
1 0.28359375 0.36640625 0.13125 0.2625
1 0.634375 0.19375 0.05703125 0.07578125
1 0.596875 0.54609375 0.11328125 0.14609375
1 0.634375 0.115625 0.04765625 0.0546875
1 0.5546875 0.09453125 0.05390625 0.06171875
1 0.9140625 0.4109375 0.16875 0.0921875
1 0.221875 0.20625 0.0390625 0.03828125
0 0.5625 0.41875 0.015625 0.0703125
1 0.9359375 0.48359375 0.128125 0.1140625
1 0.01953125 0.215625 0.0390625 0.0640625
1 0.95 0.5109375 0.1 0.15
1 0.9703125 0.546875 0.059375 0.11171875
1 0.978125 0.5890625 0.04375 0.09921875
1 0.98515625 0.6109375 0.0296875 0.10234375