1 0.7953125 0.63203125 0.12890625 0.175
1 0.91328125 0.41015625 0.1703125 0.0921875
1 0.22109375 0.2078125 0.040625 0.03671875
1 0.12890625 0.91015625 0.25546875 0.17734375
1 0.74609375 0.109375 0.040625 0.05703125
1 0.9359375 0.484375 0.12734375 0.115625
1 0.07421875 0.7734375 0.1484375 0.11796875
1 0.01953125 0.215625 0.0390625 0.06640625
1 0.95078125 0.51328125 0.0984375 0.14609375
1 0.97109375 0.54921875 0.0578125 0.10703125
1 0.97734375 0.5890625 0.0453125 0.096875
1 0.98515625 0.61015625 0.02890625 0.1046875
1 0.94296875 0.93828125 0.11328125 0.12265625