1 0.65390625 0.35234375 0.09453125 0.140625
2 0.56796875 0.79140625 0.05234375 0.25625
1 0.5484375 0.21015625 0.053125 0.06796875
1 0.9125 0.41328125 0.16875 0.09609375
1 0.74375 0.07265625 0.08359375 0.08515625
1 0.221875 0.20703125 0.04140625 0.03828125
1 0.12890625 0.91015625 0.25625 0.1796875
0 0.56484375 0.88203125 0.04453125 0.17109375
1 0.9359375 0.48359375 0.128125 0.1140625
1 0.06640625 0.775 0.1328125 0.103125
1 0.98515625 0.609375 0.02890625 0.10625
1 0.9703125 0.546875 0.059375 0.109375
1 0.97734375 0.58828125 0.0453125 0.0953125
1 0.95078125 0.51328125 0.0984375 0.14921875
1 0.0203125 0.21640625 0.040625 0.0640625