1 0.2765625 0.41171875 0.140625 0.2828125
1 0.5921875 0.48984375 0.10078125 0.13515625
1 0.91328125 0.4109375 0.16875 0.0953125
1 0.66796875 0.175 0.05703125 0.07421875
1 0.5765625 0.1296875 0.05234375 0.0609375
1 0.5765625 0.09453125 0.04453125 0.04375
1 0.221875 0.20859375 0.03984375 0.0359375
2 0.56171875 0.36484375 0.021875 0.0984375
1 0.93671875 0.48359375 0.1265625 0.11484375
0 0.5625 0.3984375 0.01796875 0.0578125
1 0.01875 0.21328125 0.03671875 0.06484375
1 0.95078125 0.5125 0.0984375 0.15
1 0.97109375 0.54921875 0.0578125 0.10703125
1 0.97734375 0.5890625 0.04453125 0.10078125
1 0.98515625 0.60859375 0.0296875 0.10625