1 0.1265625 0.90859375 0.253125 0.1828125
1 0.06796875 0.778125 0.13359375 0.1
1 0.9390625 0.903125 0.121875 0.19375
1 0.984375 0.609375 0.03125 0.103125
1 0.97734375 0.58984375 0.04453125 0.0984375
1 0.9703125 0.54765625 0.059375 0.1078125
1 0.95078125 0.51171875 0.09765625 0.1515625
1 0.93671875 0.48359375 0.1265625 0.11640625
1 0.91328125 0.41015625 0.16796875 0.0953125
1 0.67734375 0.08359375 0.07265625 0.096875
1 0.6015625 0.171875 0.05078125 0.0609375
1 0.621875 0.26171875 0.07734375 0.11171875
2 0.57421875 0.69296875 0.04453125 0.21796875
0 0.57265625 0.74453125 0.02890625 0.11953125
1 0.02109375 0.215625 0.0421875 0.0625
1 0.22109375 0.20546875 0.03984375 0.0328125