1 0.59921875 0.4578125 0.0953125 0.128125
1 0.26875 0.44375 0.14921875 0.30546875
1 0.5375 0.13828125 0.05390625 0.0625
1 0.58203125 0.10703125 0.0421875 0.065625
1 0.91328125 0.4109375 0.16875 0.09453125
1 0.6921875 0.16328125 0.0546875 0.07109375
2 0.5609375 0.3640625 0.02109375 0.10625
1 0.221875 0.20625 0.03984375 0.03984375
1 0.93671875 0.484375 0.1265625 0.11484375
0 0.559375 0.396875 0.0109375 0.06640625
1 0.01875 0.21640625 0.0375 0.06328125
1 0.95078125 0.51171875 0.0984375 0.15078125
1 0.9703125 0.54765625 0.05859375 0.11015625
1 0.97734375 0.58984375 0.0453125 0.0984375
1 0.98515625 0.61015625 0.02890625 0.1046875