1 0.91796875 0.84921875 0.1640625 0.30078125
2 0.5875 0.64140625 0.03984375 0.2046875
0 0.5859375 0.69609375 0.01328125 0.12578125
1 0.64375 0.15390625 0.04765625 0.05703125
1 0.61484375 0.225 0.06953125 0.1015625
1 0.63828125 0.09453125 0.0828125 0.10546875
1 0.91328125 0.409375 0.16875 0.09375
1 0.9359375 0.48203125 0.128125 0.1140625
1 0.95078125 0.51171875 0.0984375 0.14921875
1 0.9703125 0.54375 0.059375 0.096875
1 0.98515625 0.6125 0.0296875 0.09921875
1 0.97734375 0.5890625 0.0453125 0.1
1 0.0671875 0.83046875 0.134375 0.20546875
1 0.10546875 0.92265625 0.2109375 0.1546875
1 0.221875 0.20625 0.03984375 0.03046875
1 0.0203125 0.21640625 0.040625 0.06328125