1 0.54375 0.2171875 0.053125 0.07265625
1 0.6609375 0.36875 0.09765625 0.146875
1 0.75 0.07109375 0.06796875 0.084375
1 0.98515625 0.609375 0.0296875 0.10390625
1 0.9703125 0.5484375 0.05859375 0.10859375
1 0.97734375 0.58984375 0.0453125 0.0984375
1 0.95078125 0.5125 0.0984375 0.15078125
1 0.9359375 0.48359375 0.128125 0.1140625
1 0.9125 0.409375 0.1671875 0.09453125
1 0.128125 0.90703125 0.25625 0.1828125
1 0.0671875 0.775 0.134375 0.103125
0 0.5640625 0.9046875 0.04453125 0.18125
2 0.56953125 0.81640625 0.0578125 0.28359375
1 0.221875 0.20625 0.040625 0.0359375
1 0.02109375 0.21640625 0.0421875 0.06328125