0 0.59765625 0.55234375 0.02265625 0.09375
2 0.59765625 0.5125 0.03046875 0.1484375
1 0.7171875 0.48046875 0.10546875 0.15625
1 0.98515625 0.61015625 0.0296875 0.103125
1 0.97734375 0.58984375 0.04453125 0.0984375
1 0.97109375 0.5484375 0.0578125 0.10703125
1 0.95078125 0.5109375 0.0984375 0.15
1 0.93671875 0.4828125 0.12578125 0.11484375
1 0.91328125 0.41015625 0.16875 0.0953125
1 0.72734375 0.10078125 0.05 0.04453125
1 0.7734375 0.1203125 0.0390625 0.071875
1 0.4 0.16015625 0.09375 0.1421875
1 0.02109375 0.2171875 0.04140625 0.0609375
1 0.221875 0.20859375 0.0390625 0.0359375