1 0.2828125 0.3859375 0.13203125 0.2703125
1 0.5921875 0.52734375 0.10859375 0.1421875
1 0.6140625 0.11953125 0.05 0.05703125
1 0.6453125 0.18828125 0.05625 0.075
1 0.91328125 0.41015625 0.16796875 0.09453125
1 0.56484375 0.1 0.05078125 0.0640625
2 0.56328125 0.3796875 0.02265625 0.1140625
1 0.22265625 0.20859375 0.04296875 0.0390625
1 0.9359375 0.484375 0.128125 0.1125
0 0.56171875 0.4109375 0.01640625 0.06640625
1 0.95078125 0.5125 0.09765625 0.14921875
1 0.01953125 0.215625 0.0390625 0.06875
1 0.9703125 0.5484375 0.05859375 0.1078125
1 0.97734375 0.5890625 0.0453125 0.096875
1 0.98515625 0.609375 0.0296875 0.10625