1 0.6625 0.4234375 0.0875 0.11953125
1 0.83984375 0.74140625 0.23125 0.31640625
1 0.98515625 0.609375 0.0296875 0.10625
1 0.97734375 0.5890625 0.04453125 0.09609375
1 0.9703125 0.5484375 0.05859375 0.10859375
1 0.95078125 0.5125 0.0984375 0.15
1 0.93671875 0.48359375 0.1265625 0.11484375
1 0.91328125 0.409375 0.16796875 0.09453125
1 0.66328125 0.09375 0.0625 0.05234375
1 0.2203125 0.20703125 0.0375 0.0359375
1 0.02109375 0.21640625 0.04140625 0.06171875
1 0.12890625 0.90859375 0.25703125 0.18203125
1 0.07421875 0.7734375 0.1484375 0.11953125