1 0.359375 0.19296875 0.08828125 0.16484375
1 0.6765625 0.3828125 0.08671875 0.128125
1 0.9125 0.4109375 0.16796875 0.09296875
1 0.6125 0.09609375 0.059375 0.03515625
1 0.221875 0.20703125 0.03984375 0.03671875
1 0.565625 0.946875 0.296875 0.10625
2 0.58046875 0.475 0.028125 0.1375
1 0.93671875 0.484375 0.1265625 0.1140625
1 0.95078125 0.5125 0.0984375 0.14921875
1 0.01953125 0.21640625 0.03828125 0.0625
0 0.578125 0.51328125 0.02109375 0.08671875
1 0.9703125 0.5484375 0.05859375 0.10859375
1 0.978125 0.5890625 0.04375 0.09765625
1 0.9859375 0.609375 0.028125 0.10546875