1 0.365625 0.18984375 0.0859375 0.1625
1 0.68125 0.39375 0.0875 0.13046875
1 0.6328125 0.09765625 0.0609375 0.0390625
1 0.91328125 0.41015625 0.16875 0.09296875
1 0.221875 0.2078125 0.0390625 0.0359375
2 0.58203125 0.47734375 0.0296875 0.13125
0 0.58203125 0.51875 0.025 0.08671875
1 0.93671875 0.484375 0.12578125 0.11328125
1 0.95078125 0.51171875 0.0984375 0.14921875
1 0.9703125 0.5484375 0.05859375 0.109375
1 0.97734375 0.5890625 0.0453125 0.1
1 0.98515625 0.61015625 0.02890625 0.10546875
1 0.521875 0.9640625 0.2609375 0.071875
1 0.01953125 0.215625 0.0375 0.06328125