0 0.590625 0.690625 0.0328125 0.12421875
2 0.5890625 0.63125 0.03984375 0.18828125
1 0.1015625 0.92734375 0.203125 0.1453125
1 0.06796875 0.83203125 0.134375 0.2125
1 0.91640625 0.8453125 0.1671875 0.309375
1 0.984375 0.609375 0.03125 0.103125
1 0.97734375 0.5890625 0.0453125 0.1
1 0.9703125 0.546875 0.059375 0.109375
1 0.95078125 0.51171875 0.0984375 0.15
1 0.93671875 0.48359375 0.1265625 0.11484375
1 0.91328125 0.41015625 0.16875 0.09375
1 0.61484375 0.221875 0.06875 0.09921875
1 0.6484375 0.1515625 0.0484375 0.0546875
1 0.63359375 0.09453125 0.08359375 0.10703125
1 0.221875 0.2046875 0.03984375 0.0328125
1 0.02109375 0.21875 0.0421875 0.0609375