1 0.61484375 0.22734375 0.07109375 0.09921875
1 0.63984375 0.1546875 0.04921875 0.05703125
1 0.64296875 0.09296875 0.08125 0.10703125
1 0.91953125 0.853125 0.16015625 0.29375
1 0.98515625 0.61015625 0.02890625 0.103125
1 0.97734375 0.5890625 0.0453125 0.096875
1 0.97109375 0.5484375 0.0578125 0.109375
1 0.95078125 0.51171875 0.0984375 0.15078125
1 0.93671875 0.48359375 0.1265625 0.11484375
1 0.91328125 0.409375 0.16875 0.09296875
1 0.11015625 0.92109375 0.2203125 0.1578125
1 0.06796875 0.825 0.13515625 0.203125
2 0.5859375 0.64296875 0.03984375 0.19921875
0 0.58671875 0.70234375 0.03046875 0.1265625
1 0.0203125 0.2140625 0.03984375 0.06875
1 0.22109375 0.20703125 0.03828125 0.03671875