1 0.54609375 0.28515625 0.0640625 0.0859375
1 0.715625 0.521875 0.13203125 0.2
2 0.803125 0.92734375 0.096875 0.1453125
1 0.12890625 0.9078125 0.25703125 0.18359375
1 0.07109375 0.775 0.1421875 0.109375
1 0.02109375 0.215625 0.04140625 0.06484375
1 0.22109375 0.20625 0.03828125 0.0359375
1 0.98515625 0.61015625 0.02890625 0.1046875
1 0.97734375 0.58984375 0.04453125 0.0984375
1 0.9703125 0.5484375 0.059375 0.11015625
1 0.95 0.5109375 0.1 0.15
1 0.9359375 0.48359375 0.128125 0.1140625
1 0.91328125 0.4109375 0.16796875 0.09453125