2 0.5875 0.48515625 0.02890625 0.13203125
1 0.375 0.1796875 0.08828125 0.15859375
1 0.69140625 0.425 0.09296875 0.1375
1 0.6703125 0.10078125 0.05859375 0.0453125
1 0.91328125 0.41015625 0.16953125 0.09296875
1 0.221875 0.2078125 0.03984375 0.03515625
1 0.93671875 0.48359375 0.1265625 0.1140625
0 0.58515625 0.52890625 0.021875 0.09140625
1 0.95078125 0.51171875 0.0984375 0.14921875
1 0.0203125 0.21640625 0.040625 0.0625
1 0.9703125 0.5484375 0.05859375 0.10859375
1 0.97734375 0.58984375 0.04453125 0.09765625
1 0.98515625 0.61015625 0.02890625 0.1046875