1 0.909375 0.77890625 0.1734375 0.23203125
1 0.91328125 0.41171875 0.16875 0.09375
1 0.221875 0.20703125 0.03984375 0.03828125
1 0.12890625 0.91015625 0.25703125 0.1796875
1 0.9359375 0.48359375 0.128125 0.1140625
1 0.95078125 0.51171875 0.0984375 0.1484375
1 0.07578125 0.775 0.1515625 0.128125
1 0.01875 0.21796875 0.0375 0.0625
1 0.703125 0.1265625 0.05078125 0.0625
1 0.9703125 0.54921875 0.05859375 0.11015625
1 0.97734375 0.5890625 0.04453125 0.09609375
1 0.98515625 0.61015625 0.0296875 0.10234375