1 0.55703125 0.30703125 0.06796875 0.08984375
1 0.73046875 0.56171875 0.14375 0.215625
1 0.51640625 0.096875 0.021875 0.03828125
1 0.128125 0.9078125 0.25625 0.18125
1 0.071875 0.77265625 0.14375 0.1078125
1 0.0203125 0.215625 0.040625 0.0640625
1 0.22109375 0.20703125 0.03984375 0.0359375
1 0.9859375 0.609375 0.028125 0.10390625
1 0.97734375 0.58984375 0.04453125 0.0984375
1 0.9703125 0.54765625 0.05859375 0.11015625
1 0.95078125 0.51171875 0.0984375 0.15234375
1 0.93671875 0.48359375 0.1265625 0.115625
1 0.91328125 0.4109375 0.16796875 0.0953125