1 0.4859375 0.13125 0.1109375 0.125
1 0.7984375 0.60859375 0.13828125 0.2
1 0.0484375 0.875 0.096875 0.246875
1 0.9125 0.4109375 0.16875 0.09296875
1 0.74375 0.1171875 0.04140625 0.0515625
1 0.70234375 0.1546875 0.0609375 0.08046875
1 0.221875 0.2078125 0.04140625 0.03671875
2 0.59609375 0.5546875 0.03203125 0.15
1 0.93671875 0.484375 0.1265625 0.1140625
1 0.9703125 0.54765625 0.059375 0.11015625
1 0.95078125 0.51171875 0.0984375 0.15
0 0.596875 0.59609375 0.02578125 0.10390625
1 0.02109375 0.215625 0.04140625 0.0640625
1 0.97734375 0.5890625 0.0453125 0.096875
1 0.984375 0.60859375 0.03046875 0.10390625