2 0.56953125 0.7203125 0.0453125 0.2296875
0 0.56640625 0.7859375 0.0359375 0.146875
1 0.128125 0.90859375 0.25625 0.1828125
1 0.06796875 0.77578125 0.134375 0.103125
1 0.9546875 0.9375 0.090625 0.125
1 0.984375 0.609375 0.03125 0.103125
1 0.978125 0.5890625 0.04375 0.1
1 0.9703125 0.54765625 0.059375 0.1109375
1 0.95078125 0.51171875 0.0984375 0.15234375
1 0.93671875 0.484375 0.1265625 0.11328125
1 0.91328125 0.41015625 0.16875 0.09609375
1 0.69453125 0.078125 0.0734375 0.096875
1 0.58203125 0.1828125 0.0515625 0.06484375
1 0.62890625 0.284375 0.08203125 0.11953125
1 0.22109375 0.20703125 0.03984375 0.03671875
1 0.02109375 0.2171875 0.0421875 0.06328125