2 0.5734375 0.70078125 0.04609375 0.23046875
0 0.5734375 0.76015625 0.02421875 0.14140625
1 0.6234375 0.2671875 0.078125 0.11484375
1 0.5984375 0.1734375 0.05078125 0.06171875
1 0.12734375 0.90859375 0.2546875 0.1828125
1 0.06796875 0.77734375 0.1359375 0.10546875
1 0.02109375 0.215625 0.04140625 0.0625
1 0.2203125 0.20625 0.03828125 0.0375
1 0.98515625 0.609375 0.02890625 0.1046875
1 0.97734375 0.5890625 0.0453125 0.096875
1 0.9703125 0.546875 0.059375 0.109375
1 0.95078125 0.51171875 0.0984375 0.15
1 0.93671875 0.48359375 0.1265625 0.1140625
1 0.91328125 0.41015625 0.16875 0.0953125
1 0.68046875 0.0828125 0.071875 0.0953125
1 0.94140625 0.909375 0.1171875 0.18125