1 0.71796875 0.51328125 0.1 0.1359375
1 0.903125 0.84140625 0.19375 0.3171875
1 0.91328125 0.4109375 0.16875 0.0953125
1 0.22109375 0.2078125 0.04140625 0.03828125
1 0.73515625 0.096875 0.04609375 0.0546875
1 0.128125 0.90703125 0.25546875 0.1859375
1 0.9359375 0.48359375 0.128125 0.1140625
1 0.97734375 0.5875 0.0453125 0.1
1 0.95078125 0.51171875 0.0984375 0.1484375
1 0.07421875 0.7734375 0.14765625 0.1203125
1 0.01875 0.21796875 0.0375 0.0625
1 0.9703125 0.54765625 0.059375 0.1109375
1 0.98515625 0.6109375 0.02890625 0.10390625