1 0.63828125 0.31171875 0.0859375 0.1265625
1 0.56484375 0.19453125 0.05078125 0.06484375
1 0.7140625 0.0765625 0.07890625 0.09375
1 0.12890625 0.90859375 0.25703125 0.1828125
1 0.0671875 0.77421875 0.134375 0.1046875
2 0.56953125 0.74453125 0.04765625 0.23203125
0 0.5703125 0.82265625 0.0390625 0.1578125
1 0.98515625 0.6109375 0.02890625 0.10390625
1 0.9703125 0.5484375 0.059375 0.10625
1 0.978125 0.58984375 0.04375 0.096875
1 0.95078125 0.51328125 0.0984375 0.14765625
1 0.93671875 0.48359375 0.1265625 0.1140625
1 0.91328125 0.4109375 0.16875 0.09453125
1 0.221875 0.20625 0.03984375 0.03515625
1 0.02109375 0.2171875 0.0421875 0.0625