1 0.12890625 0.90703125 0.2578125 0.1828125
1 0.06796875 0.77578125 0.134375 0.10234375
1 0.98515625 0.61015625 0.0296875 0.1046875
1 0.97734375 0.58984375 0.04453125 0.09765625
1 0.9703125 0.546875 0.05859375 0.109375
1 0.95078125 0.51171875 0.0984375 0.14921875
1 0.93671875 0.484375 0.1265625 0.115625
1 0.91328125 0.41015625 0.16953125 0.09296875
1 0.646875 0.33359375 0.090625 0.13203125
1 0.5546875 0.20234375 0.0515625 0.065625
1 0.73515625 0.075 0.09375 0.08359375
2 0.565625 0.77578125 0.05078125 0.25625
0 0.56640625 0.85390625 0.0421875 0.16640625
1 0.221875 0.20703125 0.040625 0.0375
1 0.0203125 0.21640625 0.040625 0.0640625