1 0.57890625 0.10390625 0.04375 0.06171875
1 0.27421875 0.41875 0.14140625 0.284375
1 0.5921875 0.4859375 0.1 0.134375
1 0.91328125 0.41171875 0.16875 0.09453125
1 0.671875 0.171875 0.05625 0.071875
1 0.56953125 0.13046875 0.05234375 0.0625
2 0.56171875 0.36875 0.021875 0.10703125
1 0.22109375 0.209375 0.03984375 0.03515625
1 0.93671875 0.484375 0.1265625 0.11328125
0 0.5609375 0.39765625 0.015625 0.0578125
1 0.01953125 0.21640625 0.03828125 0.06640625
1 0.95078125 0.51171875 0.0984375 0.15078125
1 0.9703125 0.546875 0.05859375 0.11015625
1 0.97734375 0.58984375 0.04453125 0.09765625
1 0.98515625 0.60859375 0.0296875 0.109375