1 0.396875 0.1625 0.0921875 0.14375
1 0.72265625 0.10078125 0.05078125 0.04453125
1 0.7765625 0.11640625 0.0375 0.07109375
1 0.71328125 0.475 0.103125 0.15703125
1 0.98515625 0.6109375 0.0296875 0.10234375
1 0.97734375 0.58984375 0.0453125 0.09765625
1 0.9703125 0.54765625 0.059375 0.10859375
1 0.95078125 0.51171875 0.0984375 0.15078125
1 0.93671875 0.48359375 0.1265625 0.1140625
1 0.91328125 0.41015625 0.16875 0.0953125
2 0.59765625 0.50546875 0.02890625 0.13984375
0 0.59921875 0.55 0.0171875 0.09296875
1 0.0203125 0.21640625 0.040625 0.0625
1 0.22109375 0.2078125 0.03828125 0.03671875