2 0.59921875 0.540625 0.03203125 0.14296875
1 0.4546875 0.1375 0.10859375 0.13515625
1 0.771875 0.56953125 0.1296875 0.1828125
1 0.91328125 0.41015625 0.16875 0.09296875
1 0.728125 0.14453125 0.06015625 0.07734375
1 0.221875 0.20625 0.04140625 0.0375
1 0.93671875 0.48359375 0.1265625 0.11484375
0 0.6 0.57734375 0.028125 0.10625
1 0.9703125 0.5484375 0.059375 0.1078125
1 0.95078125 0.5125 0.0984375 0.14921875
1 0.03671875 0.8859375 0.07265625 0.228125
1 0.02109375 0.215625 0.0421875 0.06640625
1 0.75546875 0.11171875 0.03515625 0.04765625
1 0.97734375 0.58984375 0.0453125 0.0984375
1 0.98515625 0.61015625 0.0296875 0.10390625