1 0.65703125 0.14921875 0.0484375 0.05546875
1 0.61640625 0.21484375 0.06796875 0.09609375
1 0.62421875 0.09765625 0.08671875 0.1078125
1 0.9125 0.83359375 0.17421875 0.3171875
1 0.98515625 0.61015625 0.0296875 0.10390625
1 0.97734375 0.58984375 0.04453125 0.09765625
1 0.9703125 0.546875 0.059375 0.10625
1 0.95078125 0.51171875 0.0984375 0.15078125
1 0.93671875 0.48359375 0.1265625 0.11328125
1 0.91328125 0.41015625 0.16875 0.09453125
1 0.09296875 0.93359375 0.18515625 0.1328125
1 0.06796875 0.83828125 0.13515625 0.2234375
2 0.5921875 0.62734375 0.03984375 0.1984375
0 0.59296875 0.68046875 0.03359375 0.12265625
1 0.02109375 0.215625 0.0421875 0.0625
1 0.221875 0.20703125 0.03984375 0.03515625