1 0.61796875 0.2125 0.0671875 0.09765625
1 0.66171875 0.146875 0.04765625 0.053125
1 0.61953125 0.0984375 0.0890625 0.10859375
1 0.98515625 0.6109375 0.0296875 0.10390625
1 0.97734375 0.5890625 0.0453125 0.096875
1 0.9703125 0.546875 0.05859375 0.109375
1 0.95078125 0.51171875 0.0984375 0.15078125
1 0.93671875 0.48359375 0.1265625 0.11484375
1 0.91328125 0.409375 0.16875 0.09140625
1 0.08671875 0.93671875 0.1734375 0.1265625
1 0.06640625 0.8421875 0.1328125 0.228125
1 0.91171875 0.8203125 0.17578125 0.3078125
2 0.59296875 0.615625 0.03828125 0.1765625
0 0.59375 0.67734375 0.0328125 0.1203125
1 0.0203125 0.21640625 0.040625 0.0640625
1 0.22109375 0.20703125 0.0390625 0.03671875