1 0.68203125 0.44375 0.09453125 0.128125
1 0.91328125 0.41171875 0.1703125 0.0953125
1 0.86875 0.77734375 0.24765625 0.36015625
1 0.128125 0.90859375 0.25625 0.1828125
1 0.22109375 0.20859375 0.04140625 0.0375
1 0.68515625 0.09453125 0.06171875 0.04765625
1 0.93671875 0.484375 0.1265625 0.11484375
1 0.95078125 0.51171875 0.0984375 0.15078125
1 0.9703125 0.5484375 0.05859375 0.10859375
1 0.97734375 0.58984375 0.04453125 0.096875
1 0.98515625 0.6109375 0.0296875 0.103125
1 0.0203125 0.21640625 0.040625 0.0609375
1 0.07421875 0.7734375 0.1484375 0.1203125