1 0.71640625 0.10078125 0.0515625 0.0453125
1 0.7796875 0.11484375 0.03671875 0.06640625
1 0.39375 0.16484375 0.09296875 0.1421875
1 0.709375 0.46640625 0.10078125 0.15234375
1 0.98515625 0.609375 0.02890625 0.103125
1 0.97734375 0.590625 0.04453125 0.09765625
1 0.97109375 0.54765625 0.0578125 0.109375
1 0.95 0.5109375 0.1 0.15
1 0.93671875 0.48359375 0.1265625 0.11328125
1 0.91328125 0.41015625 0.16875 0.09296875
2 0.596875 0.5015625 0.028125 0.1390625
0 0.59765625 0.546875 0.01796875 0.0921875
1 0.0203125 0.21796875 0.03984375 0.0609375
1 0.22109375 0.2046875 0.0390625 0.034375