1 0.60859375 0.1015625 0.09140625 0.11015625
1 0.0671875 0.8484375 0.13359375 0.24453125
1 0.621875 0.2046875 0.06640625 0.0953125
1 0.66953125 0.14453125 0.0484375 0.053125
1 0.9078125 0.80078125 0.184375 0.31171875
1 0.91328125 0.4109375 0.16796875 0.09296875
2 0.5953125 0.6140625 0.03984375 0.178125
1 0.22109375 0.2078125 0.040625 0.03671875
1 0.93671875 0.48515625 0.1265625 0.11171875
0 0.59453125 0.66875 0.03515625 0.11875
1 0.98515625 0.61015625 0.02890625 0.1046875
1 0.97734375 0.58828125 0.0453125 0.0953125
1 0.9703125 0.54765625 0.05859375 0.109375
1 0.95078125 0.5125 0.0984375 0.14921875
1 0.01875 0.2234375 0.03671875 0.07890625