1 0.55625 0.115625 0.10546875 0.11640625
1 0.65 0.18125 0.065625 0.0875
1 0.70625 0.13203125 0.04453125 0.05
1 0.8625 0.70703125 0.1703125 0.25078125
1 0.98515625 0.61015625 0.0296875 0.103125
1 0.97734375 0.5890625 0.0453125 0.096875
1 0.9703125 0.5484375 0.05859375 0.10625
1 0.95078125 0.5125 0.0984375 0.15078125
1 0.93671875 0.48359375 0.1265625 0.1125
1 0.91328125 0.41015625 0.16875 0.09375
1 0.0625 0.8671875 0.125 0.265625
0 0.59609375 0.63125 0.03046875 0.1109375
2 0.596875 0.584375 0.0359375 0.171875
1 0.22109375 0.20625 0.0390625 0.0328125
1 0.01875 0.2125 0.0375 0.05625