0 0.59921875 0.5671875 0.02421875 0.09609375
2 0.59765625 0.52265625 0.03125 0.1359375
1 0.7421875 0.528125 0.115625 0.16640625
1 0.98515625 0.609375 0.0296875 0.10390625
1 0.978125 0.5890625 0.04375 0.0984375
1 0.9703125 0.54609375 0.059375 0.1078125
1 0.95078125 0.5109375 0.0984375 0.14921875
1 0.93671875 0.48359375 0.12578125 0.11484375
1 0.91328125 0.41015625 0.16875 0.09453125
1 0.42421875 0.14921875 0.09765625 0.134375
1 0.7578125 0.13046875 0.05703125 0.07265625
1 0.746875 0.09609375 0.02578125 0.028125
1 0.2203125 0.2078125 0.0390625 0.03671875
1 0.01875 0.21484375 0.0375 0.0640625