1 0.62890625 0.096875 0.0859375 0.1078125
1 0.653125 0.15078125 0.04921875 0.05546875
1 0.615625 0.21875 0.06796875 0.09765625
1 0.09765625 0.928125 0.19453125 0.14296875
1 0.0671875 0.83515625 0.13359375 0.2203125
2 0.59140625 0.6296875 0.03984375 0.19453125
0 0.5953125 0.68671875 0.028125 0.121875
1 0.91484375 0.84140625 0.1703125 0.3171875
1 0.91328125 0.409375 0.16953125 0.0921875
1 0.93671875 0.48515625 0.1265625 0.11484375
1 0.95078125 0.5109375 0.0984375 0.1515625
1 0.9703125 0.55 0.05859375 0.10390625
1 0.97734375 0.5875 0.0453125 0.096875
1 0.984375 0.609375 0.03125 0.10625
1 0.02109375 0.2171875 0.04140625 0.06171875
1 0.22109375 0.20703125 0.03984375 0.0359375