1 0.57109375 0.18984375 0.05078125 0.06484375
1 0.634375 0.3015625 0.084375 0.12734375
1 0.7046875 0.0765625 0.075 0.09609375
1 0.91328125 0.41015625 0.16875 0.09296875
1 0.93671875 0.484375 0.1265625 0.1140625
1 0.95078125 0.51171875 0.0984375 0.15
1 0.9703125 0.54765625 0.059375 0.1078125
1 0.98515625 0.6109375 0.02890625 0.10546875
1 0.97734375 0.58984375 0.0453125 0.0984375
1 0.0671875 0.77578125 0.13359375 0.1015625
1 0.128125 0.90859375 0.25625 0.1828125
2 0.56953125 0.74296875 0.046875 0.24765625
0 0.57109375 0.80859375 0.0421875 0.153125
1 0.221875 0.20703125 0.040625 0.03671875
1 0.02109375 0.21640625 0.0421875 0.06328125