1 0.4609375 0.13671875 0.10859375 0.13125
1 0.778125 0.5765625 0.1296875 0.18828125
1 0.91328125 0.4109375 0.16875 0.09453125
1 0.7234375 0.14609375 0.06484375 0.0765625
1 0.221875 0.20703125 0.04140625 0.03671875
2 0.59921875 0.53828125 0.03203125 0.1328125
0 0.60078125 0.58203125 0.025 0.10546875
1 0.93671875 0.48359375 0.1265625 0.115625
1 0.9703125 0.54921875 0.059375 0.10859375
1 0.75390625 0.1125 0.03828125 0.04921875
1 0.95078125 0.51171875 0.0984375 0.15
1 0.0390625 0.8828125 0.078125 0.234375
1 0.0203125 0.21328125 0.040625 0.0671875
1 0.97734375 0.58984375 0.0453125 0.0984375
1 0.98515625 0.61015625 0.0296875 0.1046875