1 0.49296875 0.12890625 0.1203125 0.1234375
1 0.80390625 0.61640625 0.14140625 0.20859375
1 0.0515625 0.87578125 0.10234375 0.2484375
1 0.91328125 0.4109375 0.16875 0.09296875
1 0.22109375 0.20859375 0.04296875 0.034375
1 0.73828125 0.12109375 0.04609375 0.0453125
1 0.69921875 0.15859375 0.06015625 0.08125
2 0.5953125 0.559375 0.03203125 0.15234375
1 0.93671875 0.484375 0.1265625 0.1140625
1 0.9703125 0.54921875 0.05859375 0.10703125
1 0.95078125 0.51171875 0.09765625 0.15
1 0.02109375 0.21640625 0.0421875 0.0625
0 0.59609375 0.596875 0.025 0.10390625
1 0.97734375 0.58984375 0.04453125 0.0984375
1 0.98515625 0.61015625 0.02890625 0.103125