1 0.4671875 0.1359375 0.10859375 0.12890625
1 0.7828125 0.58359375 0.1328125 0.19296875
1 0.91328125 0.4125 0.16875 0.09609375
1 0.221875 0.20703125 0.04140625 0.03671875
0 0.5984375 0.58515625 0.0203125 0.10390625
1 0.7515625 0.11328125 0.03828125 0.046875
1 0.71796875 0.14765625 0.06015625 0.0796875
1 0.0421875 0.88125 0.084375 0.2375
1 0.93671875 0.48359375 0.1265625 0.11484375
2 0.59921875 0.53671875 0.03203125 0.125
1 0.95078125 0.51171875 0.09765625 0.15
1 0.0203125 0.21640625 0.040625 0.0640625
1 0.9703125 0.54921875 0.05859375 0.1078125
1 0.97734375 0.58984375 0.04453125 0.09765625
1 0.98515625 0.61015625 0.02890625 0.103125