1 0.06328125 0.86640625 0.1265625 0.26640625
1 0.56875 0.11015625 0.103125 0.1171875
1 0.87421875 0.7265625 0.178125 0.2578125
1 0.6421875 0.18515625 0.065625 0.08671875
1 0.91328125 0.409375 0.16796875 0.09296875
1 0.221875 0.20625 0.04140625 0.0390625
1 0.6984375 0.13203125 0.04609375 0.0546875
2 0.59609375 0.5859375 0.034375 0.1640625
1 0.9703125 0.5484375 0.059375 0.1078125
1 0.93671875 0.4828125 0.1265625 0.1140625
1 0.95078125 0.51171875 0.0984375 0.14921875
0 0.59609375 0.63828125 0.02890625 0.11484375
1 0.02109375 0.21640625 0.04140625 0.06328125
1 0.97734375 0.58671875 0.0453125 0.0953125
1 0.98515625 0.6109375 0.02890625 0.10390625