1 0.47265625 0.13359375 0.109375 0.12578125
1 0.78828125 0.5921875 0.13515625 0.19453125
1 0.91328125 0.409375 0.16875 0.09296875
1 0.04453125 0.87734375 0.0890625 0.24453125
1 0.74921875 0.11484375 0.040625 0.04765625
1 0.221875 0.2078125 0.04140625 0.0359375
1 0.9359375 0.4828125 0.128125 0.115625
1 0.71484375 0.15 0.0640625 0.07890625
1 0.95078125 0.51171875 0.0984375 0.1484375
0 0.596875 0.590625 0.03125 0.103125
1 0.021875 0.21640625 0.04296875 0.0625
1 0.9703125 0.54765625 0.05859375 0.11015625
1 0.97734375 0.5890625 0.0453125 0.1
1 0.984375 0.6078125 0.03125 0.10625
2 0.5984375 0.5515625 0.03046875 0.1515625