0 0.56796875 0.8015625 0.03671875 0.1515625
2 0.56875 0.72890625 0.046875 0.22890625
1 0.128125 0.90859375 0.25625 0.1828125
1 0.0671875 0.77578125 0.134375 0.103125
1 0.98515625 0.6109375 0.0296875 0.10234375
1 0.97734375 0.5890625 0.04453125 0.09765625
1 0.9703125 0.5484375 0.059375 0.10859375
1 0.95078125 0.51171875 0.0984375 0.15
1 0.93671875 0.4828125 0.1265625 0.1140625
1 0.91328125 0.41015625 0.16875 0.09296875
1 0.6328125 0.29609375 0.08359375 0.1234375
1 0.575 0.1875 0.05078125 0.065625
1 0.221875 0.2046875 0.03984375 0.03203125
1 0.02109375 0.21796875 0.04140625 0.0625