1 0.55390625 0.30078125 0.0671875 0.0921875
1 0.72734375 0.5546875 0.1421875 0.2109375
1 0.9125 0.41171875 0.16875 0.09375
1 0.221875 0.2078125 0.03984375 0.0375
1 0.12890625 0.909375 0.25703125 0.18125
1 0.9359375 0.484375 0.128125 0.1140625
2 0.95234375 0.95546875 0.08828125 0.0890625
1 0.9703125 0.54765625 0.059375 0.1078125
1 0.95078125 0.5125 0.09765625 0.1484375
1 0.02109375 0.215625 0.0421875 0.06171875
1 0.071875 0.7734375 0.14375 0.115625
1 0.978125 0.58984375 0.04375 0.09765625
1 0.98515625 0.6078125 0.0296875 0.1078125