1 0.5890625 0.34296875 0.075 0.096875
1 0.9125 0.41015625 0.16875 0.0921875
1 0.7578125 0.6203125 0.16875 0.24453125
1 0.22109375 0.20703125 0.040625 0.03828125
1 0.12890625 0.909375 0.25625 0.1796875
1 0.55859375 0.09609375 0.06640625 0.04296875
1 0.9359375 0.48359375 0.128125 0.1140625
1 0.97734375 0.5890625 0.04453125 0.09765625
1 0.98515625 0.6109375 0.0296875 0.1015625
1 0.9703125 0.546875 0.05859375 0.109375
1 0.95078125 0.51171875 0.0984375 0.15
1 0.0203125 0.21484375 0.040625 0.0640625
1 0.075 0.77421875 0.14921875 0.12109375