1 0.8125 0.70859375 0.2125 0.296875
1 0.64296875 0.39921875 0.08671875 0.115625
1 0.6390625 0.09375 0.06640625 0.0484375
1 0.91328125 0.41015625 0.16796875 0.0921875
1 0.221875 0.2078125 0.040625 0.0375
1 0.128125 0.90625 0.25625 0.1875
1 0.95078125 0.51171875 0.0984375 0.15
1 0.93671875 0.48359375 0.1265625 0.1140625
1 0.07421875 0.7734375 0.1484375 0.12109375
1 0.02109375 0.21640625 0.04140625 0.06328125
1 0.9703125 0.5484375 0.05859375 0.10625
1 0.97734375 0.58828125 0.04453125 0.09765625
1 0.98515625 0.61015625 0.0296875 0.1046875