1 0.7390625 0.5546875 0.1078125 0.14765625
1 0.91328125 0.4109375 0.16875 0.0921875
1 0.915625 0.86640625 0.16875 0.2671875
1 0.221875 0.20703125 0.040625 0.0375
1 0.12890625 0.90859375 0.2578125 0.18203125
1 0.746875 0.10078125 0.0390625 0.05390625
1 0.9359375 0.484375 0.128125 0.115625
1 0.97734375 0.58984375 0.04453125 0.0984375
1 0.01875 0.2171875 0.0375 0.065625
1 0.07421875 0.77421875 0.1484375 0.1203125
1 0.95078125 0.5125 0.0984375 0.14921875
1 0.9703125 0.54765625 0.059375 0.1078125
1 0.98515625 0.61015625 0.0296875 0.10625