1 0.59453125 0.35 0.0765625 0.0984375
1 0.7625 0.62734375 0.17421875 0.24921875
1 0.91328125 0.41015625 0.16875 0.09296875
1 0.221875 0.21015625 0.03984375 0.03515625
1 0.56796875 0.0953125 0.065625 0.04375
1 0.12890625 0.90625 0.25703125 0.18671875
1 0.9359375 0.48359375 0.128125 0.1140625
1 0.98515625 0.6109375 0.0296875 0.1046875
1 0.95078125 0.51171875 0.0984375 0.14921875
1 0.9703125 0.5484375 0.059375 0.109375
1 0.97734375 0.590625 0.0453125 0.1
1 0.0203125 0.215625 0.040625 0.065625
1 0.07421875 0.77421875 0.1484375 0.1203125