1 0.54453125 0.28046875 0.0640625 0.08671875
1 0.71171875 0.51640625 0.13125 0.196875
2 0.77265625 0.92265625 0.09453125 0.1546875
1 0.128125 0.9078125 0.25625 0.184375
1 0.0703125 0.77421875 0.13984375 0.1078125
1 0.02109375 0.21484375 0.0421875 0.065625
1 0.221875 0.20703125 0.03984375 0.03671875
1 0.98515625 0.609375 0.0296875 0.103125
1 0.97734375 0.5890625 0.0453125 0.1
1 0.9703125 0.5484375 0.05859375 0.1078125
1 0.95078125 0.51171875 0.0984375 0.15
1 0.93671875 0.48359375 0.1265625 0.11484375
1 0.91328125 0.41015625 0.16796875 0.09453125