1 0.57421875 0.328125 0.07265625 0.09609375
1 0.74453125 0.59375 0.15859375 0.23359375
1 0.91328125 0.4109375 0.16875 0.09375
1 0.53515625 0.09609375 0.05625 0.04375
1 0.128125 0.91015625 0.25625 0.1796875
1 0.22109375 0.20703125 0.03984375 0.0375
1 0.93671875 0.484375 0.1265625 0.1125
1 0.98515625 0.61015625 0.02890625 0.10234375
1 0.07421875 0.77265625 0.14765625 0.11484375
1 0.97734375 0.58984375 0.0453125 0.09921875
1 0.9703125 0.5484375 0.059375 0.109375
1 0.95078125 0.51171875 0.09765625 0.14921875
1 0.0203125 0.21640625 0.040625 0.0640625