1 0.54921875 0.29453125 0.06328125 0.0859375
1 0.721875 0.53984375 0.13671875 0.20078125
2 0.875 0.93984375 0.10078125 0.1203125
1 0.128125 0.9078125 0.25625 0.18359375
1 0.07109375 0.77265625 0.1421875 0.1078125
1 0.02109375 0.215625 0.0421875 0.06484375
1 0.22109375 0.20703125 0.03828125 0.03515625
1 0.98515625 0.6109375 0.02890625 0.10390625
1 0.97734375 0.58984375 0.04453125 0.0984375
1 0.9703125 0.5484375 0.05859375 0.11015625
1 0.95078125 0.51171875 0.0984375 0.15078125
1 0.93671875 0.48359375 0.1265625 0.1140625
1 0.91328125 0.41171875 0.16875 0.09453125