0 0.64375 0.971875 0.0703125 0.05625
1 0.69765625 0.47578125 0.1203125 0.18203125
1 0.5421875 0.2609375 0.06015625 0.07734375
2 0.65703125 0.896875 0.08984375 0.20625
1 0.91328125 0.41171875 0.16953125 0.09609375
1 0.128125 0.90859375 0.25625 0.1828125
1 0.221875 0.2078125 0.03984375 0.0375
1 0.93671875 0.48359375 0.1265625 0.1140625
1 0.95078125 0.5125 0.0984375 0.15078125
1 0.98515625 0.609375 0.0296875 0.1078125
1 0.97734375 0.58828125 0.0453125 0.0984375
1 0.9703125 0.5484375 0.05859375 0.10625
1 0.02109375 0.2171875 0.04140625 0.06484375
1 0.06875 0.77578125 0.1375 0.10546875