1 0.54296875 0.27109375 0.0625 0.08359375
1 0.703125 0.4921875 0.12421875 0.1859375
2 0.69375 0.903125 0.0984375 0.19296875
1 0.12890625 0.9078125 0.25703125 0.18359375
1 0.06953125 0.77578125 0.1390625 0.1046875
1 0.021875 0.21640625 0.04296875 0.06484375
1 0.221875 0.20703125 0.04140625 0.03671875
1 0.98515625 0.61015625 0.02890625 0.1046875
1 0.97734375 0.5890625 0.0453125 0.1
1 0.97109375 0.5484375 0.0578125 0.109375
1 0.95078125 0.51171875 0.0984375 0.15
1 0.93671875 0.48359375 0.12578125 0.1140625
1 0.9125 0.4109375 0.16875 0.09375